102194980791
85528831749
126885426472
117464939578
106985952575
97854119098
101635858602
113761006698
134610947828
131316579235
107599357209
122778154321
115208831746
133977258346
127050362407
126790853425
123884371227
130425385379
133345929014
202154571423
189457268655
155747834572
144559675567
145221644165
160742981172
100984904830
122088021630
114663468279
97495938765
124388012134
141752526681
115813813702
123865640377
113528201390
103769403897
122368918550
124695573677
94056256667
95317564129
108489140923
82161714923
90090049490
89124904682
94483824245
95178548496
90009618835
97876187925
109317781348
81979307361
106830874529
99875164759
106555922466
109232425841
120675429543
134681505159
118033129670
101809767504
124653179488
98537165438
125332998844
121908580284
102134228699
82869735773
69758178999
73408134768
57113853255
66488818305
62483395802
66049651289
76492660154
70831324310
63869709163
75680677264
74754505696
153262520121
84556101403
75031886874
86750457122
82533965080
87916115243
91072256748
91189339582
98014355468
87612765768
76921368838
75972960431
71759839566
79617133030
95493219936
99575473231
92564877570
106205485213
88527345889
86095693838
98112206845
121507811540
126182669414
124454188749
199163540831
152674867707
119188508676
115282194223
125727753193
190175061733
203742147476
199637742998
190681227631
248322816339
219859766828
166832181108
165071453531
171247116196
167250665827
147542589349
117345607612
121576882948
128944599173
135206770523
208353308629
190647270040
133277399553
145186921690
105138256061
94370876771
110813764577
137386468361
100348995733
84717683750
80701820968
104797971448
85241012414
104719318220
110576512916
150063007899
107114926126
82481095277
96354442199
104625044142
88199418936
81485597806
79923748596
72386912616
88213421183
89607989896
52655734553
62220302312
51996404752
66651130361
78700835132
68046257250
89991761655
68957744044
61626150818
67678031642
79780746436
76862644231
134456630927
95471188732
83742346850
115119908617
118366533426
87531089645
99396378584
100911462823
99215044445
89513016667
88011642022
93213205560
112578140010
94012832200
108503692377
128201783812
135382706293
172256533000
167917530856
226785231085
258897463910
129354686387
116996159046
106157448028
105924052436
102638114597
94429542391
86919591121
79754323301
70640763842
98818634361
103787029748
137295892753
186928366498
103745762758
92015844035
107416887320
107464072513
91367448994
107108911172
129785706199
125179812929
128090420917
196592300322
190853738897
155288151673
111063465417
140488833675
147232471496
143899100428
149894780037
91215027688
100627912925
117958861189
117197791504
104066083791
118967441702
81732552159
81348715848
107233643632
74647802462
97953389320
93496238871
106170177872
78622305350
114091320004
97682790861
88711618425
101176231366
136332027087
97093625345
131700821152
151398175957
63496565009
59371777079
65985183919
63316562530
61106015446
70337514484
65124251092
68679060392
88458847115
75389385458
64405200020
65850995649
81418792606
87323408342
70650764147
100409213488
119265216104
83946496908
97797134813
115733867591
70807704222
78876767222
70620405995
68871554173
74734848036
82442921903
110324379038
172324694469
90976236261
103956150095
107963982334
117989443450
200159601290
99086557951
142759491340
113920716519
128273067720
137206268587
159296543667
127050098456
147267617416
140721774451
113844280553
123844044128
115195604431
162436036415
155567074583
194211982989
256836636273
210017810346
136603715775
126128854001
101302845698
123539094703
74367296548
78180468559
106298652785
128758488144
127790344488
205520475543
165509087742
164025161471
110491037808
118440829598
102531571946
153493008194
112918607549
117476469063
141684080627
90849341804
122618612161
122279340234
112300492317
71285049141
77443222334
91550346872
74817092259
88740230428
82931453498
109462356680
95663874927
126997670778
127250652518
85777891364
96885673842
121856195433
143313337192
142907686296
109458287764
131882737252
144771580596
130886082444
142048909710
184464050180
203498868289
47130795628
160947198402
196017085879
145968206095
145043696235
155744099319
140405054699
210026020459
163314511431
203683545088
294710771712
243797366698
289905278976
232281456640
242543820800
160118243328
186795458560
203291508736
145248632832
168622194688
154319992100
163317235712
161220067328
196455596032
236698992640
260938694656
176598810624
220098281472
269758169088
239797207040
215125049344
192495091712
234640982016
242295095296
204557615104
254137958400
365138608128
227483713536
281961136128
302446804992
307008339968
380910632960
463161720832
389779456000
495138177024
266955882496
132231503872
167455096832
183317151744
161051885568
213303017472
239042543616
270489763840
247059677184
223583600640
326886981632
226525577216
254890983424
252211494912
201881878528
174599258112
174978940928
263706476544
144731340800
164120608768
95881601024
96691511296
88007467008
137602170880
120820645888
136885977088
172492865536
145323016192
121752535040
190270177280
168269840384
145989206016
226168553472
130262409216
168108277760
258815787008
168294744064
221756784640
348986376192
351387844608
306610896896
318763466752
278769991680
312188239872
281160318976
273124229120
267498422272
270576697344
340923482112
424924184576
336830562304
340076822528
319887605760
339799375872
416996556800
401702027264
246546120704
195532357632
272693510144
288756498432
309631287296
299312545792
376351162368
372287864832
482654552064
477952016384
535901634560
483972218880
441832505344
431695855616
483493904384
435597115392
410050887680
514064547840
597521268736
659251724288
629079539712
564744028160
640122421248
795962638336
779558060032
538216857600
593506664448
623330590720
716045811712
704014516224
612959453184
640246415360
615374061568
536984125440
519609581568
555646779392
589868367872
651522539520
766237736960
694213148672
660584857600
711509278720
871431798784
949498019840
855224418304
735170658304
672056541184
658452840448
637843668992
636008136704
873207365632
777826336768
802295840768
757085831168
719129935872
505346097152
589956251648
524232163328
434083135488
506695024640
513219657728
590479818752
607123275776
583260438528
452090691584
427189960704
586033987584
660020199424
565453389824
612511383552
601676382208
860349857792
765910384640
721273094144
752258252800
769924792320
685365002240
939264901120
733953589248
564722860032
596822851584
602127466496
598518136832
509354278912
650419175424
658308071424
564646313984
466965594112
476617834496
466596888576
598121709568
546211069952
393132343296
468538490880
501733883904
591066824704
519760216064
544468369408
463212806144
484465541120
455003832320
358497583104
297298526208
322141257728
235772755968
245366620160
277860483072
233468248064
279030595584
257468792832
335700131840
325164892160
271861940224
279809064960
211739066368
214457270272
222799724544
247076159488
191285870592
185979224064
199120683008
220766519296
221433184256
311523672064
244034289664
241100029952
224837763072
237420789760
251897921536
278749151232
357548261376
309585707008
361835560960
345026035712
425433694208
381917888512
366017544192
355568713728
303445344256
241285840896
250796670976
334257127424
430210580480
355831971840
398731706368
498529599488
519849803776
403710902272
394607788032
505004523520
438838427648
330128949248
339475791872
377227771904
537021087744
435516866560
416260456448
527748923392
425665724416
326668025856
337817436160
392944844800
477300097024
702150082560
515773693952
554362929152
433875550208
464857497600
341185200128
338833080320
330256023552
261164875776
239333900288
206879211520
264974909440
143750807552
98145542144
113031725056
124246646784
147724648448
145409933312
192985448448
157847388160
265840508928
187612561408
176868671488
118839205888
146130894848
155291877376
151406837760
181604614144
139157356544
134541721600
90529906688
65956478976
65601224704
86045450240
82251743232
86622199808
84843601920
112685629440
128340525056
114837291008
106356645888
112784482304
121924976640
120752627712
116500111360
101906554880
111463776256
87757381632
119612628992
120389935104
75463680000
88958058496
88221040640
92105334784
98039472128
147250167808
112507691008
96625762304
127203385344
97472684032
107795210240
123349319680
108294701056
123629191168
106925793280
73362243584
58359967744
66195968000
62448676864
83135029248
85182496768
85642461184
92192063488
91374804992
102742761472
90148913152
81888215040
84251435008
94185267200
82973769728
82973900800
72605663232
94254456832
96681295872
97906974720
101301886976
106125189120
93135568896
103362306048
112176545792
145277419520
81994563584
99964370944
69177999360
66806116352
47731630080
53758918656
46354644992
61126053888
64304873472
60467089408
51551825920
50931666944
58980249600
46017265664
47663878144
47990034432
56024940544
53273657344
49936285696
50277572608
45525671936
40601837568
33809315840
38778507264
37112430592
35425714176
46029746176
42538094592
46244978688
56904298496
51765510144
37252042752
37311082496
44416139264
35326730240
32415598592
33050775552
35607023616
37906227200
39769198592
41076912128
45627621376
32374255616
37788483584
32420020224
39227551744
32246808576
31576338432
37135949824
34987585536
38938529792
39214125056
50241277952
66275508224
40242745344
40729772032
37751021568
41486450688
41470451712
39493021696
41550352384
49998811136
52092022784
41927012352
45191151616
52351991808
51856113664
45709615104
45096435712
47770218496
62599114752
60254150656
86154854400
101616812032
61178630144
85692891136
43912626176
57708859392
56777150464
43659063296
48105021440
60123340800
62175858688
50116022272
67548475392
81203912704
83560513536
58951602176
55283945472
54188441600
47571288064
49805246464
59163095040
60115238912
53075783680
63086411776
58693177344
61495025664
55669678080
64691437568
69408743424
70216802304
81588002816
68640579584
88306573312
79599149056
69908185088
91771592704
88341897216
88107270144
86871351296
64613326848
87352123392
73487376384
92688965632
81103241216
49597108224
43475959808
48788684800
49408753664
63503990784
59563446272
55726415872
64803356672
38590992384
39157227520
46268157952
49842782208
45755916288
46785101824
46123003904
47572307968
54399492096
50691489792
42565648384
59979358208
57739710464
49012211712
57026486272
46156443648
51197947904
48603013120
41202982912
45173190656
44415344640
60862128128
45148868608
39675269120
46306074624
62107893760
47583526912
47481446400
62808850432
61236727808
57634537472
64843206656
72999927808
94783930368
72045232128
112921837568
61907374080
86852444160
70744776704
53334204416
63811264512
70052208640
82220523520
67741429760
79884935168
108549513216
83147857920
51945078784
53183049728
49854763008
42566549504
48564998144
50942570496
59536871424
56935550976
48959463424
57820024832
70393880576
75735064576
91741560832
56602099712
70778093568
60427235328
83286777856
83412049920
82223144960
59138752512
67722891264
83150848000
86100819968
99109158912
91811545088
89468018688
76128337920
84229906432
60990140416
66383990784
84183924736
89119219712
96769835008
80920690688
69341323264
93115105280
97043841024
98275008512
126115528704
142830288896
130648129536
127299543040
63916892160
59606065152
68509011968
72663982080
73575866368
76695994368
59719880704
80965558272
62575378432
66541010944
65459847168
51686309888
50886496256
67589705728
67064926208
104026775552
59411202048
71338221568
71178518528
94038908928
62663979008
52710277120
69560483840
68993572864
53623066624
58460000256
58944765952
46723493888
50907226112
49624612864
45636071424
60558364672
69279825920
69255421952
48872947712
66179072000
51937234944
63229063168
62085632000
71796187136
82064556032
111329812480
54373756928
37246189568
49288253440
58424401920
67189379072
59536760832
59632902144
51874734080
64106049536
62927081472
67298430976
87090397184
73731932160
53486133248
52171735040
52979990528
48792088576
51983757312
53686779904
64081596416
61366173696
54448111616
47367057408
63139418112
63008706560
65904435200
71045062656
81953849344
86756737024
66701651968
62831235072
81359904768
78224130048
75837816832
94059413504
83599368192
76830433280
47578587136
56144572416
55155093504
50896691200
64438292480
60309147648
59244949504
61767950336
63267041280
47200448512
46351986688
59891286016
62189420544
61576159232
63027023872
76723675136
46270136320
46800830464
53783257088
44084842496
40428048384
43039948800
51963822080
54947037184
55249297408
45156720640
55637393408
47159820288
52055539712
84725899264
58652246016
65306570752
58004930560
55882141696
71642669056
91271020544
55601012736
63093555200
82749874176
49929777152
56003723264
71675125760
52460900352
63054594048
96498098176
95048892416
92357132288
112585039872
80342745088
92235374592
64612274176
83373957120
55614492672
65899102208
103619502080
73636364288
82460811264
81001365504
82903629824
95978594304
88989581312
112701169664
136119590912
110560935936
94476820480
100856651776
108827009024
98173272064
60689375232
109537681408
72758927360
102261161984
85357445120
77435166720
71716118528
95564996608
101356961792
96853475328
72775925760
71159046144
74233593856
76498059264
73167511552
95579242496
81149083648
66053287936
69327601664
68406243328
89877774336
54121541632
66887708672
63028690944
61140746240
78802837504
85000822784
93934739456
36665683968
39182536704
45087981568
61399773184
64996499456
42758569984
69109047296
31732336640
34173652992
28552067072
24016257024
24423321600
26149734400
22231498752
26307629056
21536153600
27121950720
22999195648
26737221632
26118246400
23778695168
23592323072
28818452480
29040822272
24374278144
30411864064
30278449152
34473381888
33663152128
34893877248
45602140160
30634360832
29516627968
25328650240
34530066432
33183528960
30392377344
33716877312
32815273984
33173030912
45050294272
31270899712
32705140736
28569022464
33205903360
36172963840
37873995776
48330194944
33915840512
54431465472
48210579456
24918917120
26677063680
33608761344
34043367424
38385856512
32607010816
30171496448
43753168896
55438614528
38023999488
46485176320
43389767680
63252037632
84302249984
26873315328
30445168640
33220204544
35299176448
23340890112
33867206656
27396186112
30331076608
35384156160
32986337280
33789603840
31547518976
34757869568
27174817792
28629966848
27076003840
30332555264
42404687872
46249676800
40699224064
43256098816
41340862464
40403709952
43686686720
31106947072
29751166976
31277764608
31196332032
29907972096
33048182784
31326394368
25730598912
31149105152
33178929152
36683624448
47704039424
44325490688
38285443072
45844881408
42013581312
65137537024
39851892736
38539026432
54601732096
56601780224
35946205184
37837660160
45004652544
45651476480
40976539648
34418794496
31437596672
33896511488
42503507968
38607958016
33573668864
37020041216
40852451328
48868302848
46331822080
51291271168
40259911680
43449659392
47638007808
42053001216
41316909056
43553304576
60615569408
53843402752
49875042304
56976273408
78681505792
58412343296
41420083200
50064441344
52563402752
49392414720
44300406784
46907510784
49203908608
47863537664
51374759936
60331294720
49392898048
54056951808
69482577920
73744498688
82715672576
73699549184
72337334272
92366094336
53345517568
64377487360
63529459712
73150513152
62073950208
63829909504
55512932352
59361005568
38328418304
42650755072
61892976640
59536949248
43627982848
44064833536
38180753408
47207796736
58049691648
39139733504
48651595776
54993641472
47394455552
36356132864
47812444160
50115506176
66674921472
64263815168
68803936256
67451822080
77042769920
117080408064
66429763584
74367705088
65963442176
64458850304
63243292672
68852555776
74973257728
66981593088
46524080128
64875220992
77213057024
106670211072
88058617856
72612085760
76421808128
47758225408
56748912640
40458002432
55165632512
60422393856
43723681792
54282620928
60029480960
63456202752
61721305088
40034275328
47541522432
51507544064
44126384128
37752320000
32694132736
44770885632
57474473984
56377655296
67058839552
64324132864
34410385408
47228338176
47877406720
57587220480
75249156096
51478126592
31079362560
37635272704
32572551168
32362649600
26868224000
28839274496
26777020416
25033052160
29910296576
31845455872
30917838848
29967659008
33711370240
33652058112
33900402688
23753607168
33269153792
21200443392
25477242880
27843684352
23433730048
26310940672
32749926400
33168418816
66146807808
42454204416
34962427904
29179539456
27509358592
31894726656
30958563328
31886735360
31175407616
44949475328
37762637824
57844199424
46980739072
51333488640
38724218880
51793948672
48484229120
47864913920
47761936384
63500869632
90502553600
65327476736
56067604480
52522500096
72908423168
47403220992
69534359552
57533460480
44056731648
29090707456
39409598464
32114966528
39453302784
38101618688
37326708736
56631042048
62822830080
47409893376
28149901312
32376678400
37708582912
36195917824
37301309440
40495022080
45934333952
47793332224
59146485760
27274346496
29731416064
29743912960
32507109376
32858417152
30034339840
30348130304
31209441280
37096660992
33746804736
36040310784
31960598528
35143729152
37624545280
48565788672
49892655104
51759427584
75745959936
41939779584
36441993216
40136540160
48442961920
45784424448
41891852288
57496629248
61102227456
63487643648
69223948288
68580540416
79653281792
83694788608
60240015360
41335656448
49593982976
48435294208
41203122176
54358237184
60678598656
58746220544
49560682496
77513629696
49618948096
57942638592
56930992128
68506066944
78225031168
79424847872
79948505088
68294832128
71222640640
62237249536
65155543040
92120547328
76557000704
81999831040
102679822336
72614641664
73891667968
61717622784
70333382656
79044149248
104972926976
55276888064
43263823872
50160676864
45416697856
51647156224
47067185152
54467702784
66158911488
46991282176
50942992384
55381278720
51123187712
49859133440
49273757696
61748346880
49060077568
50553384960
42960261120
52019994624
48346480640
48604397568
52971692032
66976428032
48967028736
52249677824
49757175808
65417945088
54238724096
57757204480
61703081984
59507720192
54931226624
57287413760
69747376128
63009374208
83567656960
64348987392
63455813632
79155830784
75111243776
76696854528
98455879680
83528335360
96739131392
93667139584
104368979968
107178229760
98934571008
107491229696
108305235968
122863558656
141974388736
107329314816
112678584320
143030091776
86711549952
86565371904
103271931904
132908072960
139030085632
122021363712
88058904576
98540421120
80009789440
84105740288
86845202432
117295726592
111826092032
129603313664
94134689792
100306075648
117952634880
113534091264
126306328576
170406772736
107401814016
131217801216
113592008704
124040757248
109249970176
88275902464
94908284928
97251426304
147588612096
108055879680
104743370752
127559671808
125549600768
147747225600
155829387264
99001499648
86967271424
78148354048
65832697856
83070312448
78241914880
96976027648
51746037760
57572818944
75805237248
85157789696
76440117248
72772222976
54652416000
85454118912
71012098048
66925785088
71551418368
74832445440
87992885248
113651253248
91568447488
116943216640
129159618560
90545897472
70284279808
60134776832
74843955200
99855474688
72989138944
84430479360
98309029888
112461676544
107521974272
65697259520
79262375936
104793178112
114928738304
132088356864
78069121024
83159040000
87056105472
85548294144
80043204608
71387340800
89764274176
69472575488
120572329984
88799076352
96226369536
116948295680
107688443904
105281462272
114302976000
114672975872
94476115968
118981230592
154278117376
144492953600
224200785920
209121525760
176529784832
170174873600
174067580928
196618043392
164721393664
178803326976
233976233984
186725761024
145528373248
141135888384
177072553984
205216464896
208809410560
163153625088
175383707648
235372052480
165488918528
267884363776
245619294208
227654451200
195444719616
178245222400
212607074304
134986637312
80709730304
74516021248
80859750400
62611533824
44742025216
57582985216
62466326528
84198375424
86445965312
87204421632
87536181248
83743162368
103248281600
92660875264
85488197632
110466113536
87724826624
88923144192
87931887616
79976349696
77341614080
46699343872
51862921216
67048222720
65036591104
57772777472
82298175488
91734589440
80832364544
86700539904
91427504128
62923747328
65825611776
58786304000
84283703296
83431981056
82145148928
73038454784
75670142976
86870573056
73569075200
65224482816
92278226944
84516847616
55963992064
59848904704
70423339008
63576604672
73734684672
80958218240
59826126848
35422326784
41444712448
49497108480
45125107712
63462260736
61470068736
35348758528
37059899392
38976835584
30922299392
43367317504
32478457856
35809890304
50635968512
31198277632
34649178112
33772857344
41600241664
45207207936
62809190400
50256351232
40293232640
48871477248
50312245248
70710083584
42677104640
47062704128
39858364416
47143264256
46364229632
53230915584
56695803904
64342503424
65266774016
48495603712
67954987008
89961881600
63501807616
52677914624
54656401408
62746247168
62395514880
55175290880
67486535680
64693989376
73894666240
64909189120
79147499520
81502265344
80835338240
54558605312
73190883328
69250867200
65484922880
88058363904
74959118336
92115673088
98970386432
93373374464
88005967872
118855974912
67235598336
88700231680
90787569664
116440342528
105996607488
75590352896
89317466112
76733161472
93985882112
99040763904
92360499200
72120885248
78682669056
110326972416
61592842240
58604761088
58330300416
62145531904
65652977664
62114230272
62509129728
62587396096
41510424576
49219899392
52611211264
63732658176
61760430080
71971299328
54686556160
59621179392
89462915072
78442135552
76233990144
81205690368
70171664384
89485803520
64414097408
62386077696
49981333504
46703218688
46999711744
48152145920
45222662144
47902429184
73693134848
75466555392
87536246784
68318412800
75982151680
68018118656
64082116608
70540271616
81586061312
76626624512
119197818880
100076609536
128416161792
108023529472
117884256256
104035172352
118107873280
159860391936
134071416354
134114000896
90190962688
120436162560
121045989916
128302440448
93419839488
98004033536
124684574720
78053670912
78965997568
68701835264
94811627520
67948265472
75498512384
69055782912
89137676288
86756663296
81340899328
98783625216
113441734656
74282934272
81151401984
97091969024
118750855168
131991691264
188843982848
128562626560
138929258496
138002628608
117377392640
125775994880
180809383936
157030858752
203721998336
135750451200
127585255424
125514317824
119034888192
135058677760
170544807936
122356580352
106569498624
100494401536
116073644032
108915998720
124138422272
103539081216
117780701184
115935436800
110679457792
84226416640
84414939136
86228533248
105228804096
97800978432
120908996608
87978516480
117445156864
128508370944
113841455104
78892048384
85391958016
111183224832
68577124352
81562329088
76061663232
54803607552
56674418688
54593200128
60733022208
86891307008
89049563136
101633736704
99685179392
131631980544
125326000128
123641479168
116411498496
117064810496
108989358080
91467423744
131813703680
117969330176
113813192704
116181663744
118821388288
76293193728
87743217664
105568313344
108787277824
103604609024
109792468992
128446119936
110907924480
113910784000
107656323072
104778743808
100691271680
121242722304
126573248512
123584069632
131867959296
95318917120
126564925440
148656078848
178406408192
194012135424
205134118912
198440894464
184431886336
185493782528
226560268677
210479415296
200824094720
182205120512
160980369408
168877703168
184934842368
189689544704
146140266496
178974310400
176773120000
143258157056
132301021184
140745850880
148249542656
147303055360
160450592768
175857352704
142531346432
152594563072
129830699008
118926139392
107539210240
88663498752
107706589184
132431167488
127094784000
122685104128
119434477568
122777116672
99945529344
89928384512
92689637376
92135563264
101890293760
116455489536
108747415552
114538938368
131347988480
153770737664
131606585344
130131779584
132967776256
78602248192
88894898176
91048812544
74407198720
102875824128
105146163200
116543193088
88479088640
74973036544
96156098560
123637956608
93421461504
140455755776
120873172992
136965824512
118232080384
112641884160
113351098368
96903684096
91496800256
66247491584
75040612352
81956593664
84795654144
131945283584
118473949184
105081495552
116184842240
131609722880
133586132992
126839873536
156801974272
121859850240
82860990464
107144421376
93919117312
131075727360
143708979200
137117556736
106631225344
100003471360
134140076032
118048784384
105406226432
121593356288
127794036736
114786508800
101348433920
103619592192
94028685312
48128303104
54636249088
53843902464
70589120512
55058100224
83758907392
85495316480
128866648064
105872089088
64109641728
60877955072
80337453056
101795389440
108878061568
127131164672
109379772416
85247213568
88398856192
112455680000
137971302400
147380371456
134471081984
116050223104
144588095488
107891597312
119886790656
95640059904
101712445440
87192158208
75554095104
46126546944
49887830016
53439127552
59914190848
45640126464
69785526272
84717649920
67144773632
52658995200
40201465856
46981492736
41511211008
47210803200
50143416320
59262169088
39217078272
27291914240
29628506112
29329563648
28536313856
30805997568
34210527232
50825764864
43843461120
53410394112
48455151616
49120178176
38552248320
40756445184
54866550784
63777697792
70751387648
77546692608
89176047616
59950690304
98580217856
67393273856
48151924736
38237159424
40648515584
71753359360
34732302336
34629652480
39794618368
66124275712
66919038976
64838115328
76165750784
70919184384
73429581824
64988758016
34453790720
49194274816
47322292224
23620464640
21547044864
31500414976
18984761344
19514009600
21281902592
32165806080
31224264704
36435873792
27867516928
27101011968
29078802432
26562835681
33588996418
28435447591
23017436110
32493846831
26555892254
48975116647
37606423760
32924106745
31760285142
34689894735
41512000958
41827343311
59518096758
71758274921
40183637783
69516678145
98415575949
32104719707
36844924114
26988614854
28769300455
17652324498
20678010831
20307095402
15480632761
20114131884
19709566302
18548580309
24066625119
18645029580
21384882095
29000899630
21711091860
23579970667
22262896076
18965202140
26183849138
39651327296
44564422655
18407578069
22662870912
21296936036
21156177499
27480615871
24459629832
32454532457
33617694686
26661008775
31744599201
34770819668
27440272999
39748408655
31179208420
34223911942
42192023708
47089423706
47706187738
60255656982
46949545125
47781613233
54938055539
47213298888
38054364882
45361333542
57118257308
43920558758
55085357605
77643542657
85846257404
67887147510
63284782084
47363589936
58808144277
35126248114
35242551782
31502446060
49324841031
52508562502
51619342913
38885761934
32382379598
65259567858
45264911721
52826656390
32031255853
33731835264
33193994622
42817386727
40596532584
45818267251
30298595287
36565913535
42963714390
48796407585
41966896768
46886682679
46589022223
49994772624
39856280158
45524374429
52530762851
66281212014
69179112266
64572032482
49755651499
66279363920
81795877187
85230874948
79847321451
81691485405
96377859470
77839103296
98465318595
106198405592
111004387244
122637220696
78895825483
85070654687
147098326810
149394569187
67718617064
47706441787
64657686523
42184118932
46829953187
42087715038
48997126630
54637417005
44418993019
47152258251
64555767429
76485916343
70525926871
54233901216
70102758265
58962080537
51166599954
72726088760
55151411007
52026059303
58292419115
63943570220
74985408749
82432595360
68823708412
58459478155
52376089129
45564248765
65769466347
55702634312
52344309140
61147375746
60552444836
85710623021
73479598041
88557686654
79684960724
47275050938
50332555405
60311456890
67625962769
65323658083
77110349593
67932116459
84980855908
74207768895
61844630483
47298764901
40152820965
43271699299
70626096586
85660385508
67941469336
64311666805
72219233312
58040616586
81460742897
100680076889
114169075408
111006127504
126029341672
101540050167
95080872876
136052424646
126634977042
119673141932
109356397974
122241534840
144316455605
108368103243
147975753744
123189549972
118866230641
135983354875
98886433471
95056654641
109216836244
83694909415
79333659585
103969755944
73549811301
59927497294
60379853503
47447352486
76935382730
61162569184
77125151925
83753500021
82034387462
82898155954
50380400719
47436272917
61090180313
43927028873
43698299024
57402977557
72895752103
45167305963
44831910258
48427046818
41174112142
53714123123
53059452232
66536134961
48969993127
47079247224
66609044829
73449657338
74714823662
75901043266
67968651438
72978743527
59639210961
56491531386
74190195900
93671082512
96342741683
103782288703
79727986835
72353863135
77283751807
103890714029
99449964402
90014313511
74730406208
84971542142
106494804569
108328401236
135092342876
155052082135
160588747295
137428901787
128506102704
107594055433
128709142343
104224265195
71569513515
84077769516
95494833346
116678459265
121125874981
113725795104
110132780632
140263032451
131402296810
118739158220
118934715196
113773908567
127249654110
116768981158
145930428783
128581017849
122740698495
147686666917
149612423441
122862402252
123820181450
138983549273
140419665162
149375480466
134546099482
130873214318
138722276010
132902401512
119259346490
111565219727
110214697826
109902913351
105536840149
137189538115
123598269748
117191335497
135476625298
154638115713
136599019538
141287524336
108357964805
128911216769
118858591415
121083501332
105910068484
103986605581
101771761398
112024884957
125824176741
81556214966
45728488495
69467831664
50158226605
44462951258
38615513802
45968043226
51532285679
77184567956
79270989350
71894989944
61324055987
59055648042
68887494467
71995865464
88527586075
98372047260
102131620083
87867741985
113432698719
127747673843
121783095857
141060757569
130523272510
141848326711
109234266882
133792269965
165908854362
158102391031
140519100272
136650655463
137228579079
135938464230
150764921394
131296201550
193980269332
193671975961
210318902841
179476688188
183212932635
150809050028
172374226755
147494467235
161323370263
145129793994
120741772539
135459100312
126693808241
138220188526
137156727352
133773914663
153159215466
189060473164
153677419723
138081371497
113722809802
107807045971
129089171524
149412298461
137583437710
118620474966
143830321586
129242252479
133823425844
112706594206
129728360741
118434112266
124218923127
119702215987
106218793512
93049572083
85195598382
88456071223
87091853081
76680507856
66536969255
113233436267
112146081864
84018394699
77796101199
76304490420
86036277732
68369315608
61741482419
72943661095
74777024467
63266778524
66581939459
62061191754
60438197476
67933045137
53907621543
57623239829
50261314068
63071754494
54222099462
74299578237
77148246135
101102755625
70981612303
71597577014
67415688269
58462267865
48227864862
51709436972
51302933998
58367504085
66203343445
61206502550
42358010146
53535112102
57578101142
71945032667
73485012977
79544859355
73275675715
77241720261
80277493989
92812872354
81870488111
73538873546
69894972894
80008901771
67843434156
57043453710
61742830353
68730011815
68822624817
65456192715
66303936118
68026060235
82381072591
55716388327
45224328165
38961689252
39106900197
41951575108
34870781835
43437770784
39745359733
48969821687
46530167681
36957407983
33323930871
33154391167
38702468004
33169358578
41980241160
51388011540
53383291513
47255774605
46947580844
41045221076
39869047599
30895012009
29502974821
32057818416
32398044934
31474406048
38065264000
32628579472
32990614478
26950444425
34127308461
26135569100
22029308293
25176222093
31931185346
22283038119
19140307948
27894549966
25221678236
23319284127
24757963551
23518429064
21463617498
19874454982
21496189402
21300294417
21177150676
16151232545
17710776103
16526648077
14441180899
15015405334
15151115999
17341289788
16770803951
21048271007
18592012045
24024747915
23762250623
17347640073
14070853853
10897805770
11953758768
15493803707
18173169466
16026131513
14017239840
15942860310
18187622927
19594629097
13679517835
18701751194
15787258083
12839285596
10157793916
13054999552
13799604057
15959669593
12470373587
14832251927
13932000999
12994582488
20558598283
16640986510
11586280956
9416605611
12215591075
11224121514
8661631085
7951341069
8843865980
12267020733
8592504024
9870530858
9033367272
10020038303
7485120544
8387431317
8515702534
9762333439
8115991949
10180840409
10137959452
13115400910
13809393177
14751696304
12059952444
14089738586
12517728783
12442432415
11505538297
15923621350
14797115329
16046823874
21065092098
31700087656
24831173387
18958953195
18616784852
22529571028
21637516912
21154127198
28116073765
24423131531
22942443838
24225652463
14836163873
16022196955
18564767865
15125536432
14642393269
18271592334
16416714736
18672646769
16152374694
12947893429
15982326444
16716170449
15025360038
21631040581
26462585864
31076290204
26497855270
29784741526
37407323630
31383492665
29359692213
28992430923
27100627303
21741991960
20482556624
31096815588
32747751170
38198875541
36222359895
31832852065
39133826398
50916396723
45768188032
34261843942
37299607468
33568258225
33111916341
26536314891
24343009251
18862520936
25476171649
22885232669
26245896335
22750697130
21561233693
19364959974
17403457422
18349161711
16782531968
17190084945
15991141463
19796708290
17246470925
17760103659
19687813538
18539588008
17525218334
15703156870
12045672446
12089930817
15882110482
10630507500
9201788180
11031900342
10825049824
10034541922
10271579935
8246315688
7945174864
7936360041
7822300458
5861599356
6101943506
6337829115
6640051345
8818082801
9676508800
9091203924
11437141697
13748692907
10518419421
10427830678
12520438962
10286380796
10259755542
13435059019
13180216400
10303300141
10774127956
13407183725
12747811508
9730559347
11454695538
11411753871
12115067169
13692515175
17669257813
13466978183
11644197379
13914239772
11459294356
12929890431
12714862349
10389841771
8076118846
9896151721
11215633222
11028175836
13488346780
12344022953
12626400277
16170989866
14693493720
11442608327
8517980122
8798040548
5731256513
5640640118
7501782773
5799046691
4441384591
4892864878
4665761570
4380561278
5418465602
7498123901
6757243552
5148218278
5082260512
5793086795
5018813137
4368779146
4737134619
4606548004
3937214093
3355702993
3676845309
3597357382
4239101597
5127946933
6102429919
3944070407
4500600972
4897254555
8353934317
4120494742
4185382359
4158739868
2924317719
4221479222
5071603818
5544780425
4617261094
3758294613
4570236086
5843191842
6115386842
4762514458
4954801462
5565266453
5881848405
5911800808
5687104900
4674775354
5645096184
6082545635
5474099406
5849997730
5516482064
5568049025
6021814326
6653231000
4032539378
3665624376
4529466676
5798238295
4331475905
5576097392
4398425669
5549882042
8625589892
8760459022
9189438331
7427481654
6989327513
8098160518
9942627972
7999031246
5610130326
7924193974
11753260243
9956808193
10583985179
8242226133
8864773608
10558677965
7034282250
5858436210
7137708170
7186198527
7604864624
7736512283
7508824639
7745835021
10881501177
15916423709
10910460911
12606079730
10503460782
14457553256
14042061872
10214864206
9704541246
11135756693
9585685726
6682690057
11911777040
6441958706
5451576867
6409062024
10326374188
9688109273
10513580671
5762385031
10210013616
4118496717
3953440082
3622924794
3767754660
4203939701
4742557429
4674024437
7519245269
4092653674
3447787083
2901826588
3627265630
4529674417
4026099534
5086726820
5597946269
5751998008
5536098456
8903493734
4732186046
5465028353
5882401451
6890936652
10290889580
8285455982
6115269193
6272310250
7692070462
7944060172
12006754528
17782386004
17414544247
7248577634
4685006534
4164754479
5220786229
4274074912
3601006687
3712116331
4240678764
3470051082
3742173189
4777971875
3725791093
3835476288
4263472583
4615409280
4635198616
4630088469
6228419643
6107327165
5128333208
5960910722
4889696446
6853192443
8315813742
6432845906
7029373085
6667303132
6373550345
6140646108
5300003714
5768907755
5329138712
6541675456
7813424514
10029602129
6479563495
10436232248
9151349808
13260560596
9727656052
6069513997
7296500041
10109402829
4555322825
5459378777
4842151125
4141656397
4258127223
6446642565
7092055433
6955307694
4594519993
6314991217
6535061285
7153745871
8091209214
10229428920
7654557046
8380547671
9877624291
9851274640
5316473234
5383868109
5582811955
8971307887
6288790666
8190101348
11489961151
8993752186
11231940742
10922776830
6052394872
4817732089
5513063259
7438168198
9549870633
10057310335
10202904264
4275706846
3863573594
3280950331
4094398877
4719440425
6157022374
8360161498
8152086067
4399350604
3427951271
4117944082
4249807837
4162921211
3842173302
3093299668
3704076709
3762932890
4737469399
3921015420
4529208214
4431977418
0
0
0
0
0
0
0
0
0
0
0
0
0
0
0
0
0
0
0
0
0
0
0
0
0
0
0
0
0
0
0
0
0
0
0
0
0
0
0
0
0
0
0
0
0
0
0
0
0
0
0
0
0
0
0
0
0
0
0
0
0
0
0
0
0
0
0
0
0
0
0
0
0
0
0
0
0
0
0
0
0
0
0
0
0
0
0
0
0
0
0
0
0
0
0
0
0
0
0
0
0
0
0
0
0
0
0
0
0
0
0
0
0
0
0
0
0
0
0
0
0
0
0
0
0
0
0
0
0
0
0
0
0
0
0
0
0
0
0
0
0
0
0
0
0
0
0
0
0
0
0
0
0
0
0
0
0
0
0
0
0
0
0
0
0
0
0
0
0
0
0
0
0
0
0
0
0
0
0
0
0
0
0
0
0
0
0
0
0
0
0
0
0
0
0
0
0
0
0
0
0
0
0
0
0
0
0
0
0
0
0
0
0
0
0
0
0
0
0
0
0
0
0
0
0
0
0
0
0
0
0
0
0
0
0
0
0
0
0
0
0
0
0
0
0
0
0
0
0
0
0
0
0
0
0
0
0
0
0
0
0
0
0
0
0
0
0
0
0
0
0
0
0
0
0
0
0
0
0
0
0
0
0
0
0
0
0
0
0
0
0
0
0
0
0
0
0
0
0
0
0
0
0
0
0
0
0
0
0
0
0
0
0
0
0
0
0
0
0
0
0
0
0
0
0
0
0
0
0
0
0
0
0
0
0
0
0
0
0
0
0
0
0
0
0
0
0
0
0
0
0
0
0
0
0
0
0
0
0
0
0
0
0
0
0
0
0
0
0
0
0
0
0
0
0
0
0
0
0
0
0
0
0
0
0
0
0
0
0
0
0
0
0
0
0
0
0
0
0
0
0
0
0
0
0
0
0
0
0
0
0
0
0
0
0
0
0
0
0
0
0
0
0
0
0
0
0
0
0
0
0
0
0
0
0
0
0
0
0
0
0
0
0
0
0
0
0
0
0
0
0
0
0
0
0
0
0
0
0
0
0
0
0
0
0
0
0
0
0
0
0
0
0
0
0
0
0
0
0
0
0
0
0
0
0
0
0
0
0
0
0
0
0
0
0
0
0
0
0
0
0
0
0
0
0
0
0
0
0
0
0
0
0
0
0
0
0
0
0
0
0
0
0
0
0
0
0
0
0
0
0
0
0
0
0
0
0
0
0
0
0
0
0
0
0
0
0
0
0
0
0
0
0
0
0
0
0
0
0
0
0
0
0
0
0
0
0
0
0
0
0
0
0
0
0
0
0
0
0
0
0
0
0
0
0
0
0
0
0
0
0
0
0
0
0
0
0
0
0
0
0
0
0
0
0
0
0
0
0
0
0
0
0
0
0
0
0
0
0
0
0
0
0
0
0
0
0
0
0
0
0
0
0
0
0
0
0
0
0
0
0
0
0
0
0
0
0
0
0
0
0
0
0
0
0
0
0
0
0
0
0
0
0
0
0
0
0
0
0
0
0
0
0
0
0
0
0
0
0
0
0
0
0
0
0
0
0
0
0
0
0
0
0
0
0
0
0
0
0
0
0
0
0
0
0
0
0
0
0
0
0
0
0
0
0
0
0
0
0
0
0
