1599609.57
1582913.07
1575945.59
1550066.67
1530432.06
1519485.40
1516360.50
1510982.91
1491558.72
1490491.83
1461695.11
1445209.59
1446198.03
1424618.68
1416319.55
1392278.11
1373956.01
1361020.70
1359824.06
1356907.98
1353210.92
1333375.36
1307357.63
1280779.14
1275332.78
1257380.48
1242710.22
1228374.81
1208605.95
1199236.31
1202051.41
1197499.08
1194249.24
1209587.20
1182293.96
1168812.67
1160687.38
1131760.83
1123521.21
1106524.98
1079257.06
1070242.17
1077379.16
1061256.43
1052212.34
1054403.69
1042169.16
1032551.90
1035858.37
998600.83
992129.25
974148.80
944832.40
936404.28
943688.75
924894.59
919072.40
924991.20
900048.77
889604.04
895565.50
867171.42
855898.89
851590.94
825493.98
816829.29
787406.24
780852.34
772923.69
780820.97
763409.31
757384.64
758130.98
736130.96
733884.93
725851.79
710339.02
699776.74
696471.50
687506.92
674051.48
673921.72
663351.37
656561.22
649947.46
636072.26
625609.29
610224.52
594604.72
586643.29
585405.34
576698.95
573102.85
568916.20
548263.51
540481.21
530626.71
506708.08
496136.64
475166.60
458644.65
453133.32
452898.70
448846.68
446362.17
443141.02
436221.60
429313.72
423054.53
421037.84
417818.67
403442.21
399757.91
394204.17
393098.91
387205.15
383884.88
377832.15
369718.15
367326.46
364093.66
358659.25
351498.77
345603.59
337504.16
332747.18
331865.36
327885.67
324010.76
322756.35
316709.80
313702.34
310490.65
304516.27
303571.65
298755.67
292350.39
287591.61
287438.27
281288.22
276966.28
275785.53
269240.49
266992.66
264588.94
259357.29
257708.47
253207.70
247135.58
243740.32
243756.88
239729.19
238126.97
238427.49
234842.40
233627.86
231654.60
227050.72
225101.93
221222.82
216351.73
214469.36
213567.13
210591.90
206193.07
204907.42
199505.19
196130.13
194487.30
190108.41
190545.05
185006.97
179736.26
177294.15
176985.21
173250.92
170851.14
169601.24
166023.00
164570.56
164064.57
160935.59
159639.27
